48
80
159
219
323
347
359
375
376
757
822
949
958
1046
1069
1133
1142
1144
1147
1182
1185
1269
1272
1273
1280
1310
1335
1355
1368
1384
1409
1412
1442
1545
1559
1563
1580
1629
1640
1678
1708
1742
1764
1787
1791
1794
1825
1910
1924
1943
1960
1961
1998
2019
2055
2071
2171
2185
2229
2236
2247
2332
2383
2459
2486
2517
2522
2558
2565
2566
2571
2605
2621
2622
2628
2638
2684
2738
2757
2780
2804
2834
2886
2903
2907
2915
2961
2964
3036
3126
3140
3164
3170
3201
3229
3237
3278
3310
3358
3364
3396
3402
3456
3484
3511
3522
3548
3552
3562
3589
3600
3660
3693
3710
3712
3780
3797
3800
3831
3844
3917
3948
3980
4140
4153
4208
4224
4273
4293
4321
4342
4349
4356
4446
4505
4532
4542
4720
4829
4873
4939
4952
5038
5065
5148
5150
5207
5218
5225
5282
5283
5389
5410
5522
5594
5671
5715
5725
5763
5868
5906
5968
5981
5982
6010
6018
6033
6046
6058
6067
6117
6119
6168
6183
6192
6209
6218
6234
6249
6293
6303
6321
6335
6483
6499
6782
6786
6890
6892
6893
6899
6914
6955
6957
6991
7003
7017
7033
7046
7103
7146
7188
7212
7214
7252
7318
7325
7355
7365
7403
7419
7422
7438
7459
7523
7657
7672
7673
7737
7761
7789
7816
7837
7864
7877
7895
7912
7940
8059
8073
8106
8107
8141
8143
8153
8163
8238
8288
8296
8315
8404
8432
8463
8466
8472
8514
8523
8568
8626
8632
8743
8800
8802
8804
8805
8812
8921
8923
8927
9033
9061
9068
9080
9122
9148
9149
9162
9188
9214
9222
9242
9272
9339
9389
9472
9546
9590
9638
9730
9764
9767
9789
9841
9918
9964
10035
10119
10167
10173
10235
10277
10399
10428
10456
10458
10520
10543
10687
10747
10760
10771
10801
10855
10861
10875
10898
10981
11007
11025
11066
11087
11112
11128
11129
11136
11173
11177
11251
11280
11316
11326
11334
11370
11384
11388
11480
11486
11537
11548
11666
11697
11762
11777
11807
11862
11911
11992
12034
12035
12089
12136
12213
12235
12250
12299
12346
12405
12416
12429
12524
12528
12551
12564
12565
12612
12617
12629
12636
12680
12695
12715
12741
12746
12748
12806
12875
12883
12887
12895
12963
12980
12999
13018
13055
13115
13129
13185
13194
13218
13219
13243
13245
13253
13269
13336
13365
13384
13500
13504
13515
13575
13581
13615
13701
13712
13762
13801
13825
13830
13850
13937
14030
14087
14136
14175
14216
14234
14286
14348
14366
14414
14419
14484
14507
14585
14636
14688
14712
14718
14732
14800
14831
14879
14907
15088
15141
15191
15196
15198
15240
15261
15278
15312
15340
15347
15364
15438
15497
15543
15657
15738
15754
15756
15758
15764
15770
15855
15858
15906
15966
16040
16175
16250
16252
16332
16357
16408
16410
16427
16432
16443
16462
16490
16492
16499
16526
16572
16650
16659
16665
16732
16790
16844
16876
16898
16963
16988
16995
17076
17113
17177
17190
17311
17313
17480
17495
17553
17612
17627
17709
17748
17762
17785
17841
17843
17885
17937
17972
18003
18056
18066
18082
18098
18115
18133
18134
18159
18225
18239
18256
18279
18322
18353
18371
18401
18415
18416
18427
18440
18476
18483
18511
18601
18628
18642
18687
18693
18844
18881
18976
19061
19062
19096
19107
19120
19229
19240
19265
19278
19288
19303
19333
19394
19409
19410
19452
19458
19494
19520
19561
19589
19593
19609
19631
19641
19645
19660
19707
19712
19748
19752
19865
19895
19942
19975
20102
21022
21969
22001
24344
25870
25977
26199
40262
54979
55796
62013
62122
64860
67768
74734
81235
84552
100310
102114
161573
165099
168778
192278
197167
210025
213190
214587
218215
218269
225166
255746
270339
274675
321702
