5
15
25
29
36
48
58
69
78
80
89
100
106
119
146
159
168
170
172
179
188
194
199
215
218
219
229
246
283
292
296
304
321
323
326
332
345
347
359
360
361
373
375
376
389
399
416
417
433
437
447
452
454
478
509
521
542
550
561
566
578
584
586
590
597
619
620
626
635
646
652
653
680
683
696
708
715
727
730
753
757
760
764
778
783
787
788
789
814
817
818
820
822
823
825
835
836
837
849
875
895
904
906
907
915
919
927
932
935
944
947
949
957
958
959
966
969
971
977
981
983
987
998
1008
1009
1012
1016
1023
1026
1041
1046
1047
1067
1069
1074
1087
1112
1117
1120
1121
1130
1131
1133
1142
1143
1144
1147
1149
1153
1155
1173
1176
1177
1182
1185
1206
1210
1212
1215
1230
1238
1243
1250
1269
1272
1273
1274
1276
1280
1281
1298
1301
1303
1310
1321
1323
1334
1335
1348
1349
1355
1360
1365
1368
1373
1377
1384
1393
1399
1409
1412
1416
1421
1423
1425
1433
1437
1442
1455
1465
1466
1469
1473
1480
1488
1489
1499
1504
1523
1526
1529
1545
1554
1559
1563
1564
1571
1580
1595
1613
1629
1638
1640
1642
1645
1646
1659
1664
1667
1674
1678
1686
1691
1695
1708
1712
1715
1722
1742
1753
1763
1764
1767
1787
1791
1793
1794
1803
1807
1811
1825
1836
1841
1864
1868
1870
1874
1895
1904
1907
1909
1910
1917
1924
1928
1937
1943
1960
1961
1971
1978
1982
1998
2000
2004
2015
2019
2020
2026
2027
2029
2033
2036
2050
2055
2068
2069
2071
2078
2087
2092
2100
2105
2110
2114
2116
2117
2136
2137
2144
2157
2170
2171
2174
2181
2185
2190
2203
2205
2207
2215
2229
2236
2246
2247
2263
2273
2278
2279
2288
2291
2294
2307
2317
2327
2329
2332
2336
2338
2340
2348
2349
2352
2364
2372
2383
2404
2417
2418
2419
2425
2446
2447
2453
2459
2482
2483
2486
2490
2509
2512
2517
2522
2539
2558
2565
2566
2571
2574
2582
2587
2589
2597
2600
2605
2607
2611
2612
2617
2621
2622
2623
2628
2638
2656
2659
2663
2670
2683
2684
2690
2708
2724
2733
2738
2741
2753
2757
2780
2786
2804
2806
2813
2834
2846
2853
2859
2878
2885
2886
2890
2897
2903
2907
2915
2918
2936
2943
2955
2956
2957
2960
2961
2964
2969
2972
3003
3010
3015
3017
3021
3025
3036
3037
3040
3042
3067
3088
3089
3090
3101
3104
3107
3126
3129
3140
3145
3150
3163
3164
3170
3181
3186
3201
3207
3208
3214
3228
3229
3237
3238
3269
3278
3279
3280
3282
3310
3313
3317
3325
3338
3339
3342
3346
3348
3350
3356
3358
3364
3394
3396
3397
3399
3402
3418
3424
3453
3456
3459
3466
3480
3484
3494
3511
3517
3522
3541
3542
3546
3548
3552
3555
3562
3564
3565
3574
3578
3589
3600
3605
3626
3627
3652
3660
3667
3668
3693
3701
3710
3712
3737
3759
3763
3770
3780
3797
3800
3824
3831
3844
3872
3875
3881
3892
3898
3902
3913
3914
3917
3922
3942
3948
3967
3980
3997
4015
4026
4041
4042
4049
4050
4074
4130
4134
4140
4143
4153
4158
4173
4180
4189
4191
4203
4208
4224
4226
4236
4239
4240
4273
4293
4303
4319
4321
4342
4349
4352
4356
4374
4376
4378
4384
4399
4407
4421
4444
4446
4447
4488
4505
4509
4510
4529
4532
4542
4543
4567
4622
4628
4660
4720
4753
4765
4829
4836
4873
4878
4905
4906
4915
4932
4939
4952
5016
5038
5042
5065
5066
5148
5150
5151
5171
5198
5207
5218
5225
5242
5282
5283
5293
5314
5316
5365
5369
5389
5396
5399
5402
5410
5413
5448
5457
5491
5501
5512
5522
5528
5560
5584
5594
5605
5612
5620
5626
5628
5652
5654
5667
5671
5700
5703
5715
5718
5725
5731
5739
5747
5756
5763
5769
5833
5846
5849
5857
5868
5871
5878
5883
5906
5911
5927
5939
5942
5963
5966
5968
5981
5982
5999
6007
6010
6012
6018
6032
6033
6035
6046
6058
6067
6074
6089
6116
6117
6119
6138
6149
6159
6168
6179
6181
6183
6192
6209
6218
6228
6230
6234
6247
6249
6269
6273
6280
6287
6292
6293
6301
6303
6313
6316
6321
6328
6335
6340
6356
6359
6421
6452
6477
6483
6490
6493
6495
6499
6543
6560
6572
6576
6588
6610
6624
6643
6739
6742
6744
6753
6782
6786
6790
6793
6809
6824
6851
6890
6892
6893
6899
6906
6911
6914
6920
6928
6931
6955
6957
6959
6991
7003
7017
7018
7019
7033
7046
7052
7065
7103
7109
7110
7117
7140
7146
7176
7188
7210
7212
7214
7236
7244
7252
7254
7281
7284
7288
7307
7318
7325
7341
7352
7355
7365
7376
7377
7403
7409
7418
7419
7422
7436
7438
7456
7459
7468
7478
7504
7509
7523
7526
7537
7552
7553
7556
7563
7657
7672
7673
7674
7710
7721
7737
7761
7789
7792
7814
7816
7818
7833
7837
7840
7864
7871
7873
7877
7894
7895
7912
7921
7940
7960
7974
7981
8013
8053
8057
8059
8073
8081
8095
8103
8106
8107
8141
8143
8150
8153
8163
8185
8198
8199
8234
8238
8242
8246
8253
8262
8282
8288
8296
8298
8307
8315
8316
8321
8325
8335
8337
8357
8361
8362
8389
8404
8413
8416
8422
8432
8451
8452
8463
8465
8466
8472
8474
8482
8502
8505
8514
8518
8522
8523
8524
8568
8584
8588
8590
8600
8602
8603
8608
8615
8621
8626
8627
8631
8632
8652
8660
8670
8680
8699
8707
8710
8720
8732
8743
8760
8764
8789
8790
8800
8802
8804
8805
8812
8821
8835
8839
8844
8858
8880
8895
8896
8898
8921
8922
8923
8927
8934
8950
8951
8955
8965
8974
8984
9007
9022
9029
9033
9038
9045
9048
9061
9068
9080
9118
9122
9146
9148
9149
9162
9164
9184
9188
9196
9214
9217
9222
9225
9232
9241
9242
9243
9256
9267
9272
9281
9292
9294
9301
9304
9333
9338
9339
9362
9389
9416
9429
9443
9452
9453
9470
9472
9485
9487
9521
9524
9546
9547
9551
9552
9556
9562
9590
9623
9624
9632
9638
9644
9647
9651
9653
9654
9655
9661
9664
9702
9719
9726
9729
9730
9740
9742
9747
9764
9767
9773
9780
9781
9782
9789
9800
9831
9841
9849
9853
9863
9866
9875
9881
9884
9896
9904
9918
9964
9966
9976
9997
10004
10022
10035
10037
10038
10074
10090
10101
10108
10119
10141
10167
10173
10206
10218
10235
10243
10277
10293
10309
10310
10326
10340
10344
10355
10363
10399
10409
10410
10424
10428
10430
10443
10447
10450
10455
10456
10458
10471
10497
10500
10509
10513
10520
10543
10546
10554
10559
10564
10588
10595
10597
10612
10617
10632
10654
10661
10663
10666
10674
10686
10687
10688
10709
10734
10747
10760
10771
10780
10791
10801
10805
10822
10840
10848
10855
10861
10869
10875
10888
10898
10934
10939
10975
10981
10983
10997
10998
11007
11023
11025
11035
11036
11042
11055
11066
11075
11077
11087
11090
11105
11112
11119
11128
11129
11133
11136
11160
11168
11173
11177
11190
11200
11231
11245
11251
11279
11280
11286
11304
11313
11316
11326
11329
11334
11338
11353
11361
11368
11369
11370
11380
11384
11388
11413
11424
11448
11480
11486
11491
11494
11508
11517
11519
11537
11538
11543
11548
11579
11581
11596
11611
11636
11664
11666
11667
11673
11685
11695
11697
11699
11708
11710
11726
11734
11741
11742
11747
11750
11751
11753
11762
11768
11777
11796
11807
11808
11814
11822
11826
11862
11881
11893
11902
11911
11919
11950
11960
11975
11992
12000
12001
12028
12034
12035
12039
12040
12053
12055
12062
12066
12089
12096
12107
12128
12136
12139
12147
12173
12177
12179
12200
12213
12235
12249
12250
12253
12271
12284
12286
12299
12308
12322
12346
12353
12370
12392
12398
12405
12409
12413
12416
12429
12447
12448
12455
12463
12524
12528
12532
12538
12540
12551
12556
12558
12564
12565
12572
12577
12586
12612
12616
12617
12628
12629
12636
12638
12639
12656
12680
12689
12692
12695
12709
12715
12720
12741
12746
12748
12760
12806
12843
12848
12875
12883
12887
12895
12898
12912
12927
12941
12963
12980
12999
13018
13029
13054
13055
13073
13080
13081
13082
13094
13097
13098
13115
13117
13124
13129
13170
13185
13194
13201
13203
13212
13218
13219
13243
13245
13253
13255
13265
13269
13291
13333
13336
13348
13360
13364
13365
13378
13384
13397
13451
13460
13500
13504
13515
13526
13536
13547
13575
13581
13591
13615
13678
13686
13701
13712
13713
13732
13748
13758
13762
13772
13798
13801
13803
13816
13825
13830
13842
13850
13856
13878
13937
14019
14030
14054
14087
14136
14175
14204
14211
14214
14216
14220
14224
14226
14231
14234
14286
14309
14348
14365
14366
14405
14414
14416
14419
14438
14455
14484
14507
14575
14585
14595
14636
14650
14688
14712
14718
14732
14745
14748
14792
14800
14811
14815
14831
14833
14865
14879
14890
14907
15026
15028
15088
15118
15141
15183
15191
15196
15198
15200
15220
15226
15240
15261
15269
15278
15306
15312
15340
15347
15354
15364
15417
15433
15438
15463
15477
15483
15489
15497
15522
15523
15543
15553
15560
15567
15657
15658
15670
15687
15688
15716
15738
15754
15756
15758
15764
15770
15797
15855
15858
15879
15906
15907
15925
15936
15951
15955
15966
15995
16039
16040
16044
16061
16086
16119
16138
16175
16250
16252
16288
16294
16300
16332
16337
16357
16359
16393
16400
16408
16410
16427
16432
16443
16444
16452
16462
16469
16490
16492
16499
16518
16526
16547
16548
16572
16589
16603
16638
16643
16650
16659
16665
16724
16732
16734
16744
16753
16790
16835
16844
16854
16874
16876
16895
16898
16905
16909
16954
16963
16988
16994
16995
17076
17113
17169
17177
17187
17190
17201
17245
17311
17313
17321
17339
17378
17480
17481
17495
17531
17553
17561
17612
17616
17627
17634
17709
17748
17755
17762
17772
17785
17841
17843
17884
17885
17916
17937
17950
17972
18000
18003
18043
18056
18066
18082
18098
18115
18133
18134
18159
18208
18225
18239
18246
18256
18278
18279
18307
18322
18342
18353
18361
18368
18371
18401
18404
18415
18416
18425
18427
18433
18440
18476
18483
18511
18562
18565
18567
18601
18628
18642
18674
18687
18688
18693
18748
18750
18785
18798
18844
18858
18877
18881
18925
18976
18994
19013
19061
19062
19096
19107
19120
19128
19214
19221
19229
19240
19265
19278
19288
19303
19321
19333
19394
19409
19410
19452
19458
19494
19509
19520
19536
19561
19589
19590
19593
19609
19631
19641
19645
19660
19676
19707
19712
19713
19748
19752
19786
19823
19829
19865
19888
19895
19936
19942
19946
19950
19975
20048
20062
20074
20102
20107
21022
21969
22001
24344
25870
25977
26199
34568
40262
43034
54979
55632
55796
56883
59584
60845
62013
62122
62811
64860
67768
68457
74734
74822
76751
79017
80457
81235
84552
100310
102114
103514
106665
113238
113550
137108
141300
161573
165099
168778
172370
175677
177494
192278
196263
197167
210025
210597
211734
213133
213190
213219
213399
213524
214587
217551
218215
218269
225166
254855
255746
270339
274675
321702