CHR1	POS1
5	84
25	47
29	12
36	126
58	37
69	78
78	67
89	63
106	30
119	64
168	123
170	20
172	50
179	88
188	63
194	119
199	22
215	131
218	19
229	40
246	47
283	123
292	10
296	13
304	61
326	108
332	74
345	52
360	7
361	37
389	120
399	48
416	26
433	12
437	14
447	2
452	72
454	7
509	23
521	14
542	8
550	19
566	68
578	38
584	51
586	37
590	93
597	21
620	26
626	73
635	35
646	83
652	45
653	22
680	33
683	36
696	60
708	31
715	47
727	44
730	87
753	37
760	20
764	34
778	127
783	10
787	39
788	116
789	133
814	102
817	89
818	42
820	56
823	8
825	59
835	95
836	17
837	84
849	91
875	61
895	19
904	83
906	88
907	21
915	91
919	20
927	26
932	58
935	19
944	25
947	18
957	29
959	44
966	53
969	71
971	30
977	8
981	50
983	37
987	65
998	136
1008	104
1009	65
1012	52
1016	48
1023	107
1026	91
1041	27
1047	33
1067	57
1074	89
1087	141
1112	118
1117	82
1120	59
1121	118
1130	48
1131	25
1143	113
1149	143
1153	77
1155	116
1173	20
1176	55
1177	18
1206	125
1210	11
1212	82
1215	45
1230	11
1238	27
1243	85
1250	34
1274	9
1276	34
1281	25
1298	26
1301	94
1303	8
1321	13
1323	19
1334	8
1348	45
1349	37
1360	23
1365	43
1373	14
1377	142
1393	36
1399	19
1416	53
1421	126
1423	54
1425	30
1433	87
1437	42
1455	61
1465	47
1466	11
1469	94
1473	7
1480	118
1488	73
1489	123
1499	99
1504	103
1523	15
1526	73
1529	64
1554	34
1564	57
1571	27
1595	91
1613	20
1638	32
1642	128
1645	77
1646	95
1659	86
1664	82
1667	6
1674	54
1686	60
1691	14
1695	81
1712	108
1715	39
1722	131
1753	18
1763	21
1767	50
1793	11
1803	103
1807	9
1811	84
1836	12
1864	64
1868	54
1870	12
1874	47
1895	57
1904	7
1907	112
1909	74
1917	26
1928	115
1937	11
1971	20
1978	19
1982	84
2000	12
2004	18
2015	20
2020	103
2026	115
2027	135
2029	42
2033	16
2036	82
2050	51
2068	97
2069	19
2078	32
2087	148
2092	18
2100	111
2105	106
2110	25
2114	53
2116	121
2117	99
2136	38
2137	28
2144	46
2157	66
2170	21
2174	18
2181	112
2190	53
2203	85
2205	39
2207	65
2215	7
2246	71
2263	111
2273	15
2278	114
2279	107
2288	15
2291	84
2294	66
2307	134
2317	97
2327	51
2329	96
2336	33
2338	20
2340	29
2349	30
2352	69
2364	31
2372	38
2404	37
2417	46
2418	6
2419	120
2446	118
2447	60
2453	10
2482	53
2483	17
2490	40
2509	75
2512	52
2539	124
2574	21
2582	62
2587	49
2589	24
2597	104
2600	56
2607	19
2611	28
2612	111
2617	58
2623	24
2659	132
2663	14
2670	58
2683	134
2690	54
2724	99
2733	6
2741	11
2753	48
2786	27
2806	126
2813	28
2846	23
2853	115
2859	34
2878	95
2885	54
2890	28
2897	63
2918	142
2936	27
2943	96
2955	8
2956	94
2957	23
2960	40
2969	128
2972	121
3003	84
3010	29
3015	21
3017	39
3021	49
3025	7
3037	102
3042	125
3067	40
3088	17
3089	33
3090	15
3101	29
3104	97
3107	95
3129	72
3145	132
3150	67
3181	16
3186	93
3207	34
3208	32
3214	64
3228	19
3238	87
3269	98
3279	104
3280	25
3282	28
3313	26
3317	133
3325	104
3338	41
3339	142
3342	85
3346	83
3348	85
3350	94
3356	61
3394	83
3397	88
3399	10
3418	45
3424	117
3453	13
3459	62
3466	58
3480	11
3494	133
3517	30
3541	113
3542	34
3546	27
3555	85
3564	39
3565	34
3574	64
3578	12
3605	19
3626	73
3627	82
3652	16
3667	52
3668	44
3701	61
3737	125
3759	50
3763	53
3770	121
3824	118
3872	17
3875	36
3881	44
3892	70
3898	91
3902	13
3913	21
3914	100
3922	51
3942	85
3967	73
3997	90
4015	24
4026	74
4041	9
4042	45
4049	113
4050	84
4074	58
4130	86
4134	30
4143	103
4158	95
4173	8
4180	66
4191	43
4203	135
4226	45
4236	135
4239	46
4240	15
4303	14
4319	113
4352	31
4374	78
4376	134
4378	125
4384	66
4399	13
4407	97
4421	8
4444	90
4447	28
4488	11
4509	23
4510	23
4543	97
4567	35
4622	124
4628	125
4660	132
4753	114
4765	91
4836	87
4878	106
4905	67
4906	101
4915	25
4932	10
5016	67
5042	9
5066	16
5151	117
5171	20
5198	45
5242	123
5293	131
5314	41
5316	24
5365	41
5369	41
5396	7
5399	60
5402	85
5413	88
5448	37
5457	108
5491	86
5512	57
5528	89
5560	43
5584	61
5605	38
5612	46
5620	121
5626	37
5628	27
5652	93
5654	18
5667	44
5700	29
5703	25
5718	18
5731	46
5739	62
5747	118
5756	62
5769	93
5846	51
5849	41
5857	90
5871	26
5878	17
5883	13
5911	128
5927	35
5939	87
5942	137
5963	52
5966	6
5999	84
6007	55
6012	134
6032	52
6035	137
6074	66
6089	22
6116	115
6138	20
6149	44
6159	27
6179	30
6181	138
6228	51
6230	7
6247	31
6273	23
6280	89
6287	133
6292	66
6301	84
6313	26
6316	40
6328	12
6340	94
6356	95
6359	57
6421	126
6452	7
6477	36
6490	66
6493	49
6495	39
6543	69
6560	135
6572	37
6576	16
6588	113
6610	39
6624	9
6643	15
6739	56
6742	22
6744	108
6753	106
6790	35
6793	16
6809	109
6824	36
6851	42
6906	104
6911	126
6920	62
6928	102
6931	9
6959	57
7018	7
7019	85
7052	11
7065	84
7109	56
7110	137
7117	56
7140	33
7176	102
7236	25
7244	58
7254	91
7281	80
7284	105
7288	22
7307	84
7341	9
7352	37
7376	26
7377	62
7409	130
7418	44
7436	64
7456	11
7468	38
7478	134
7504	133
7509	94
7526	110
7537	55
7552	125
7553	79
7556	16
7563	64
7674	66
7710	126
7721	61
7792	50
7814	43
7818	98
7833	32
7840	60
7871	92
7873	58
7894	67
7921	110
7960	11
7974	57
7981	29
8013	55
8053	61
8057	47
8081	53
8095	43
8103	45
8150	11
8185	15
8198	127
8199	49
8234	78
8242	69
8246	44
8253	39
8262	22
8282	65
8298	82
8307	88
8316	20
8321	56
8325	117
8335	31
8337	57
8357	139
8361	56
8362	23
8389	31
8413	21
8416	69
8422	16
8451	14
8452	55
8465	55
8474	117
8482	21
8502	59
8505	44
8518	39
8524	41
8584	23
8588	48
8590	7
8600	6
8602	41
8603	125
8608	10
8615	44
8621	128
8627	64
8631	56
8652	41
8660	16
8680	143
8699	64
8707	8
8710	14
8720	57
8732	123
8760	26
8764	30
8789	14
8790	106
8821	14
8835	29
8839	56
8844	18
8858	108
8880	45
8895	83
8896	48
8898	113
8922	81
8934	42
8950	48
8955	90
8965	17
8974	51
8984	19
9007	24
9022	10
9029	16
9038	111
9045	39
9048	41
9118	83
9146	27
9164	92
9184	105
9196	21
9217	105
9225	12
9232	71
9241	120
9243	17
9256	22
9267	42
9281	40
9292	38
9301	142
9304	100
9333	53
9362	117
9416	140
9429	61
9443	89
9452	61
9453	113
9470	119
9485	28
9487	65
9521	68
9524	47
9547	20
9551	11
9556	21
9562	52
9623	48
9624	25
9632	113
9644	11
9647	49
9651	96
9653	44
9654	62
9655	31
9661	118
9664	82
9702	141
9719	17
9726	103
9729	49
9740	97
9742	105
9747	31
9773	62
9780	101
9781	9
9782	19
9800	36
9831	50
9849	91
9853	25
9863	64
9866	143
9875	20
9881	40
9884	107
9896	38
9904	109
9966	124
9976	7
9997	31
10004	9
10022	72
10037	38
10038	135
10074	94
10090	34
10101	16
10108	109
10141	48
10206	59
10218	131
10243	84
10293	17
10309	56
10310	38
10326	82
10340	67
10344	50
10355	13
10363	10
10409	137
10410	12
10424	9
10430	9
10443	6
10447	27
10450	102
10455	137
10471	58
10497	100
10500	143
10509	143
10513	104
10546	107
10554	41
10559	14
10564	41
10588	122
10595	134
10597	35
10612	58
10617	9
10632	24
10654	29
10661	46
10663	58
10666	60
10674	26
10686	15
10688	47
10709	39
10734	134
10780	99
10791	73
10805	58
10822	57
10848	26
10869	109
10888	119
10934	111
10939	15
10975	35
10983	23
10997	19
10998	123
11023	60
11035	9
11036	26
11042	122
11055	44
11075	9
11077	13
11090	120
11105	26
11119	48
11133	43
11160	53
11168	37
11190	50
11200	101
11231	122
11245	28
11279	88
11286	37
11304	39
11313	6
11329	65
11338	24
11353	44
11361	101
11368	16
11369	6
11380	76
11413	43
11424	45
11448	54
11491	7
11494	46
11517	78
11519	62
11538	46
11543	27
11579	10
11581	118
11596	105
11611	67
11636	32
11664	46
11667	17
11673	18
11685	35
11695	119
11699	16
11708	78
11710	61
11726	24
11734	70
11741	75
11742	8
11747	41
11750	95
11751	44
11753	82
11768	110
11796	9
11808	24
11814	37
11826	20
11881	46
11902	11
11950	103
11960	27
11975	50
12000	12
12001	37
12028	111
12039	73
12040	43
12053	107
12055	70
12062	113
12066	97
12096	116
12107	27
12128	65
12139	9
12147	19
12173	26
12177	95
12179	60
12200	44
12249	86
12253	36
12271	17
12284	38
12286	16
12322	9
12353	55
12370	28
12392	129
12398	6
12409	88
12413	49
12447	63
12448	10
12455	105
12463	15
12532	18
12538	74
12540	126
12556	86
12558	106
12572	6
12577	14
12586	59
12616	31
12628	108
12638	31
12639	88
12656	61
12689	89
12692	85
12709	99
12720	103
12760	31
12843	94
12848	45
12898	8
12912	59
12927	84
12941	35
13029	44
13054	6
13073	118
13080	26
13081	67
13082	20
13094	50
13097	132
13098	16
13117	113
13124	45
13170	76
13201	139
13203	90
13212	55
13255	84
13265	46
13333	21
13348	27
13360	37
13364	9
13378	51
13397	39
13451	44
13460	32
13526	18
13536	40
13547	90
13591	63
13678	19
13686	57
13713	18
13748	12
13758	32
13772	23
13798	52
13803	49
13816	66
13856	23
13878	58
14019	125
14054	19
14204	60
14211	13
14214	82
14220	27
14224	47
14226	59
14231	106
14309	60
14365	38
14405	58
14416	38
14438	65
14455	143
14575	38
14595	35
14650	11
14745	18
14748	102
14792	65
14811	31
14815	46
14833	127
14865	40
15026	40
15028	22
15183	123
15200	134
15220	121
15226	18
15269	18
15306	23
15354	62
15417	87
15433	95
15463	58
15477	113
15483	49
15489	16
15522	6
15523	23
15553	20
15560	47
15567	55
15658	58
15670	51
15687	93
15716	20
15797	61
15879	103
15907	64
15925	20
15936	105
15951	98
15955	23
15995	39
16044	59
16061	73
16086	7
16138	51
16294	61
16300	77
16337	65
16359	11
16393	91
16400	15
16444	32
16452	17
16469	105
16518	15
16547	134
16589	89
16603	9
16638	64
16643	32
16724	12
16734	62
16744	24
16753	8
16835	45
16854	35
16874	56
16895	9
16905	93
16909	67
16994	22
17169	40
17187	39
17201	14
17245	53
17321	51
17339	59
17378	114
17481	27
17531	26
17561	22
17616	7
17634	13
17772	123
17884	40
17916	11
18208	35
18246	97
18278	22
18307	44
18342	85
18361	10
18368	92
18404	50
18425	90
18433	20
18562	33
18567	110
18688	121
18748	40
18750	16
18785	103
18858	45
18877	135
18925	90
18994	127
19013	17
19128	47
19214	7
19221	29
19321	23
19536	64
19590	137
19676	133
19713	26
19786	122
19829	23
19888	32
19936	52
19946	48
19950	48
20048	101
20062	58
20074	34
20107	36
34568	125
43034	28
56883	44
59584	29
68457	61
74822	102
76751	67
79017	60
80457	56
103514	73
106665	80
113238	141
113550	85
137108	36
141300	16
172370	32
175677	25
177494	33
196263	54
210597	81
213133	26
213219	32
213399	98
